Output Values per Iteration 
Iter.#	Fitness		k_EOC		NPF_max
1	163.897596	0.900609	2.577
2	164.947339	0.901579	2.540
3	162.960298	0.901745	2.620
4	164.947339	0.901579	2.540
5	165.447494	0.901149	2.519
6	165.447494	0.901149	2.519
7	162.443674	0.902085	2.643
8	166.081413	0.901121	2.495
9	166.967660	0.901031	2.462
10	167.233795	0.901442	2.454
11	167.233795	0.901442	2.454
12	169.261623	0.901465	2.383
13	169.261623	0.901465	2.383
14	164.739791	0.901800	2.549
15	169.322735	0.901486	2.381
16	165.625856	0.902530	2.518
17	167.811951	0.902896	2.439
18	166.958030	0.901443	2.464
19	166.778153	0.902542	2.475
20	164.001607	0.901097	2.575
21	169.322735	0.901486	2.381
22	167.959988	0.900912	2.426
23	168.047032	0.901445	2.425
24	156.930674	0.901369	2.892
25	167.481480	0.901419	2.445
26	169.322735	0.901486	2.381
27	169.327139	0.901526	2.381
28	150.697956	0.901462	3.243
29	165.499302	0.902573	2.523
30	167.572453	0.901484	2.442
31	165.665503	0.901453	2.512
32	162.092013	0.901482	2.655
33	167.437499	0.901526	2.447
34	167.572453	0.901484	2.442
35	167.006548	0.901634	2.463
36	167.100092	0.901483	2.459
37	164.299752	0.901511	2.565
38	152.906735	0.902482	3.116
39	167.183505	0.901488	2.456
40	167.183505	0.901488	2.456
41	166.014807	0.901488	2.499
42	161.405006	0.901408	2.684
43	167.291773	0.901465	2.452
44	159.538947	0.901392	2.767
45	166.880551	0.901238	2.466
46	166.767150	0.901203	2.470
47	156.950384	0.901548	2.892
48	160.381973	0.903047	2.737
49	156.735216	0.901399	2.902
50	166.880551	0.901238	2.466
51	165.476821	0.901654	2.520
52	168.039225	0.902916	2.431
53	166.458681	0.903328	2.490
54	148.180630	0.904583	3.434
55	155.173442	0.904605	3.002
56	167.114276	0.902862	2.464
57	160.161439	0.903861	2.751
58	165.557120	0.902860	2.522
59	168.337343	0.902273	2.418
60	158.473575	0.902197	2.821
61	171.187901	0.903380	2.326
62	154.295536	0.903595	3.044
63	171.399756	0.903338	2.319
64	171.399756	0.903338	2.319
65	163.942584	0.903290	2.587
66	158.043384	0.905057	2.857
67	159.401559	0.903292	2.783
68	162.995825	0.905141	2.634
69	170.659242	0.903856	2.345
70	171.338690	0.903065	2.320
71	168.540582	0.902039	2.410
72	170.419692	0.903055	2.350
73	151.039738	0.904566	3.243
74	170.421454	0.903071	2.350
75	169.944509	0.903099	2.366
76	169.936361	0.903025	2.366
77	169.165903	0.903781	2.395
78	145.669208	0.905250	3.627
79	159.468667	0.904097	2.784
80	169.165903	0.903781	2.395
81	169.165903	0.903781	2.395
82	169.165903	0.903781	2.395
83	167.216459	0.903790	2.464
84	169.165903	0.903781	2.395
85	160.621393	0.904614	2.734
86	169.165903	0.903781	2.395
87	169.344464	0.903814	2.389
88	164.647657	0.903979	2.562
89	167.048702	0.903760	2.470
90	169.880111	0.903325	2.369
91	169.280551	0.903764	2.391
92	166.808408	0.903311	2.477
93	170.447770	0.903310	2.350
94	170.842852	0.903312	2.337
95	170.966445	0.903323	2.333
96	169.727247	0.904357	2.378
97	165.070567	0.905270	2.551
98	160.944059	0.904897	2.721
99	167.393707	0.904400	2.460
100	171.927669	0.903308	2.302
101	167.722622	0.903609	2.445
102	172.445428	0.903114	2.285
103	172.445428	0.903114	2.285
104	172.445428	0.903114	2.285
105	172.318076	0.903116	2.289
106	158.602183	0.903365	2.821
107	172.318076	0.903116	2.289
108	161.442621	0.903427	2.692
109	157.932944	0.904054	2.857
110	172.318076	0.903116	2.289
111	172.318076	0.903116	2.289
112	166.798820	0.904210	2.481
113	169.267937	0.903119	2.389
114	170.508049	0.903583	2.349
115	172.318076	0.903116	2.289
116	169.186420	0.903174	2.392
117	161.911298	0.904107	2.675
118	170.577430	0.903113	2.345
119	171.175018	0.903263	2.326
120	167.389991	0.903112	2.455
121	161.442621	0.903427	2.692
122	172.189157	0.903963	2.296
123	172.189157	0.903963	2.296
124	172.189157	0.903963	2.296
125	173.364940	0.903834	2.259
126	172.175944	0.903843	2.296
127	172.539264	0.904546	2.287
128	172.486809	0.902909	2.283
129	171.707235	0.903869	2.311
130	163.881223	0.904313	2.594
131	159.489280	0.903893	2.782
132	173.364940	0.903834	2.259
133	162.304192	0.904053	2.658
134	173.130661	0.903778	2.266
135	171.336564	0.903889	2.323
136	170.124401	0.904462	2.365
137	169.003697	0.904676	2.404
138	164.900861	0.904194	2.553
139	173.364940	0.903834	2.259
140	163.076049	0.904337	2.627
141	171.789357	0.904047	2.309
142	173.364940	0.903834	2.259
143	173.364940	0.903834	2.259
144	173.364940	0.903834	2.259
145	157.162474	0.904017	2.895
146	172.663848	0.903935	2.281
147	169.645568	0.903883	2.379
148	166.173942	0.905590	2.510
149	162.886094	0.903926	2.633
150	168.472117	0.903756	2.419
151	172.663848	0.903935	2.281
152	169.700561	0.904650	2.380
153	172.924532	0.904258	2.274
154	160.304460	0.904358	2.747
155	168.644660	0.905323	2.419
156	171.850795	0.904889	2.310
157	161.965583	0.904600	2.675
158	159.847139	0.905966	2.776
159	166.927099	0.905375	2.481
160	172.924532	0.904258	2.274
161	173.224383	0.904334	2.265
162	172.704993	0.903434	2.278
163	169.377092	0.903579	2.387
164	172.704993	0.903434	2.278
165	163.144800	0.904522	2.625
166	172.189516	0.903391	2.294
167	159.971302	0.903731	2.759
168	173.933197	0.902702	2.238
169	161.214672	0.903232	2.701
170	170.806241	0.902702	2.336
171	173.564671	0.902666	2.249
172	173.933197	0.902702	2.238
173	160.644125	0.902582	2.723
174	169.523907	0.903313	2.381
175	173.157995	0.902844	2.262
176	164.577615	0.903112	2.561
177	169.534918	0.903413	2.381
178	173.933197	0.902702	2.238
179	173.933197	0.902702	2.238
180	160.644125	0.902582	2.723
181	172.370991	0.902728	2.286
182	163.680045	0.902711	2.595
183	173.701670	0.902710	2.245
184	161.405638	0.902882	2.691
185	164.577615	0.903112	2.561
186	172.670316	0.902827	2.277
187	173.933197	0.902702	2.238
188	164.390774	0.903716	2.571
189	173.933197	0.902702	2.238
190	174.440656	0.902743	2.223
191	174.440656	0.902743	2.223
192	174.440656	0.902743	2.223
193	159.101866	0.903682	2.799
194	174.189856	0.902909	2.231
195	174.189856	0.902909	2.231
196	174.189856	0.902909	2.231
197	173.025615	0.902824	2.266
198	171.351858	0.902903	2.319
199	159.718757	0.903025	2.767
200	159.417194	0.903434	2.783
201	160.167244	0.902911	2.746
202	155.254317	0.902975	2.988
203	174.189856	0.902909	2.231
204	174.042211	0.902480	2.234
205	167.675296	0.902418	2.442
206	159.812528	0.902488	2.760
207	163.904342	0.903621	2.590
208	174.042211	0.902480	2.234
209	174.042211	0.902480	2.234
210	164.452986	0.904281	2.571
211	166.834850	0.904291	2.480
212	174.042211	0.902480	2.234
213	174.042211	0.902480	2.234
214	174.042211	0.902480	2.234
215	174.042211	0.902480	2.234
216	173.665114	0.902378	2.245
217	174.042211	0.902480	2.234
218	174.042211	0.902480	2.234
219	174.042211	0.902480	2.234
220	171.301868	0.902449	2.319
221	173.348379	0.902494	2.255
222	165.766962	0.904289	2.520
223	169.495818	0.902523	2.379
224	174.042211	0.902480	2.234
225	162.819304	0.902444	2.629
226	172.192270	0.903128	2.293
227	172.836892	0.902582	2.271
228	161.093773	0.904409	2.712
229	174.042211	0.902480	2.234
230	174.042211	0.902480	2.234
231	163.063607	0.904224	2.627
232	174.042211	0.902480	2.234
233	162.563734	0.902524	2.640
234	174.042211	0.902480	2.234
235	161.757892	0.902502	2.674
236	172.378701	0.902508	2.285
237	174.042211	0.902480	2.234
238	163.604664	0.902476	2.597
239	156.261116	0.902787	2.934
240	173.637316	0.902426	2.246
241	172.475885	0.902519	2.282
242	174.042211	0.902480	2.234
243	172.135673	0.902902	2.294
244	168.282007	0.903579	2.425
245	161.360052	0.902468	2.691
246	162.467040	0.902514	2.644
247	174.042211	0.902480	2.234
248	156.806105	0.903299	2.909
249	163.639889	0.903469	2.600
250	174.042211	0.902480	2.234
251	167.018188	0.902488	2.466
252	171.377734	0.903138	2.319
253	174.042211	0.902480	2.234
254	172.685767	0.902675	2.276
255	170.863029	0.902940	2.335
256	171.393063	0.902431	2.316
257	170.260850	0.903527	2.357
258	160.108718	0.902781	2.748
259	162.315054	0.902431	2.650
260	174.042211	0.902480	2.234
261	173.211006	0.902436	2.259
262	148.066354	0.902773	3.428
263	166.834850	0.904291	2.480
264	162.391949	0.903345	2.651
265	174.042211	0.902480	2.234
266	162.275456	0.902933	2.654
267	164.838258	0.902461	2.548
268	166.834850	0.904291	2.480
269	174.042211	0.902480	2.234
270	168.439525	0.903460	2.419
271	161.757892	0.902502	2.674
272	173.707946	0.902767	2.245
273	173.109442	0.902699	2.263
274	159.510164	0.902709	2.775
275	173.707946	0.902767	2.245
276	165.719963	0.904577	2.523
277	171.800131	0.902721	2.304
278	167.592985	0.903191	2.448
279	173.707946	0.902767	2.245
280	173.419882	0.902547	2.253
281	163.546733	0.902847	2.601
282	160.461337	0.903363	2.735
283	173.485997	0.902550	2.251
284	156.734285	0.904253	2.918
285	159.586782	0.902814	2.772
286	173.485997	0.902550	2.251
287	172.345775	0.902499	2.286
288	173.485997	0.902550	2.251
289	173.485997	0.902550	2.251
290	165.474208	0.902583	2.524
291	169.232627	0.902001	2.386
292	173.485997	0.902550	2.251
293	173.485997	0.902550	2.251
294	171.405793	0.903111	2.318
295	173.317791	0.902514	2.256
296	171.637625	0.902669	2.309
297	148.280440	0.904201	3.424
298	173.317791	0.902514	2.256
299	163.777609	0.903372	2.594
300	159.527121	0.902863	2.775
301	168.017533	0.902719	2.431
302	154.417047	0.902399	3.030
303	172.847675	0.903560	2.274
304	172.851910	0.901836	2.268
305	173.431444	0.902652	2.253
306	173.431444	0.902652	2.253
307	162.637683	0.903630	2.642
308	173.431444	0.902652	2.253
309	157.444373	0.904399	2.883
310	173.431444	0.902652	2.253
311	170.218657	0.902871	2.356
312	173.431444	0.902652	2.253
313	171.068922	0.902859	2.328
314	173.431444	0.902652	2.253
315	173.260225	0.902586	2.258
316	168.179065	0.903416	2.428
317	171.681008	0.903063	2.309
318	173.260225	0.902586	2.258
319	174.273789	0.902146	2.226
320	174.003782	0.902131	2.234
321	174.273789	0.902146	2.226
322	174.449099	0.902206	2.221
323	174.449099	0.902206	2.221
324	166.269863	0.902589	2.494
325	172.734603	0.902240	2.273
326	165.345096	0.902123	2.527
327	146.265172	0.902083	3.554
328	162.941757	0.902678	2.625
329	174.449099	0.902206	2.221
330	173.234569	0.902650	2.259
331	167.301352	0.902307	2.455
332	169.081913	0.902754	2.394
333	160.528171	0.902345	2.727
334	163.195078	0.902550	2.614
335	174.449099	0.902206	2.221
336	160.968395	0.903682	2.714
337	165.521807	0.903965	2.528
338	170.196696	0.901304	2.351
339	170.351472	0.902161	2.349
340	161.313070	0.903710	2.699
341	173.272448	0.902697	2.258
342	167.349993	0.904003	2.460
343	174.449099	0.902206	2.221
344	168.078424	0.903272	2.431
345	174.038212	0.902140	2.233
346	172.246644	0.902178	2.288
347	173.034346	0.902017	2.263
348	161.555482	0.902143	2.681
349	174.621207	0.902230	2.216
350	169.554775	0.903326	2.380
351	174.621207	0.902230	2.216
352	173.501869	0.902993	2.252
353	169.580329	0.902218	2.375
354	164.552374	0.902189	2.558
355	160.208909	0.902686	2.743
356	173.023039	0.902210	2.264
357	174.380426	0.902196	2.223
358	176.070832	0.903148	2.177
359	165.559092	0.903116	2.523
360	150.258034	0.904839	3.295
361	163.029094	0.904130	2.628
362	163.053917	0.904136	2.627
363	147.727030	0.903018	3.454
364	175.576922	0.903109	2.191
365	159.299816	0.904899	2.796
366	174.471920	0.902106	2.220
367	165.579081	0.904248	2.527
368	159.228793	0.903672	2.793
369	176.070832	0.903148	2.177
370	176.070832	0.903148	2.177
371	175.713530	0.903085	2.187
372	175.861219	0.903157	2.183
373	175.861219	0.903157	2.183
374	164.814589	0.903875	2.555
375	176.106706	0.903154	2.176
376	175.758662	0.903178	2.186
377	141.228926	0.904441	4.006
378	176.172496	0.903111	2.174
379	157.061057	0.903818	2.899
380	176.139310	0.903130	2.175
381	175.925786	0.903107	2.181
382	175.925786	0.903107	2.181
383	175.925786	0.903107	2.181
384	168.198568	0.903850	2.429
385	175.890513	0.903105	2.182
386	164.757357	0.903819	2.557
387	175.681642	0.903112	2.188
388	141.864541	0.904366	3.945
389	175.892385	0.903122	2.182
390	176.137218	0.903111	2.175
391	164.451305	0.903807	2.569
392	176.137218	0.903111	2.175
393	176.137218	0.903111	2.175
394	176.137218	0.903111	2.175
395	175.303684	0.903143	2.199
396	175.892385	0.903122	2.182
397	176.137218	0.903111	2.175
398	176.137218	0.903111	2.175
399	176.137218	0.903111	2.175
400	176.137218	0.903111	2.175
401	175.890513	0.903105	2.182
402	175.890513	0.903105	2.182
403	175.890513	0.903105	2.182
404	176.038073	0.903170	2.178
405	176.038073	0.903170	2.178
406	174.935965	0.904471	2.214
407	176.038073	0.903170	2.178
408	174.522766	0.903182	2.222
409	175.925786	0.903107	2.181
410	175.925786	0.903107	2.181
411	169.866142	0.904545	2.374
412	175.890513	0.903105	2.182
413	174.522766	0.903182	2.222
414	175.890513	0.903105	2.182
415	167.665438	0.903849	2.448
416	175.713530	0.903085	2.187
417	175.681642	0.903112	2.188
418	175.681642	0.903112	2.188
419	175.303684	0.903143	2.199
420	175.303684	0.903143	2.199
421	167.723247	0.903868	2.446
422	176.137218	0.903111	2.175
423	157.580137	0.904353	2.876
424	176.137218	0.903111	2.175
425	175.713530	0.903085	2.187
426	175.713530	0.903085	2.187
427	176.070832	0.903148	2.177
428	157.446905	0.904422	2.883
429	176.070832	0.903148	2.177
430	157.446905	0.904422	2.883
431	176.070832	0.903148	2.177
432	176.137218	0.903111	2.175
433	178.059815	0.903847	2.124
434	175.874187	0.903910	2.185
435	173.101377	0.904396	2.269
436	176.930159	0.903848	2.155
437	158.441317	0.903801	2.831
438	175.453451	0.903876	2.197
439	174.637168	0.903914	2.221
440	176.069149	0.904409	2.181
441	158.441317	0.903801	2.831
442	175.453451	0.903876	2.197
443	178.059815	0.903847	2.124
444	176.930159	0.903848	2.155
445	157.061057	0.903818	2.899
446	178.059815	0.903847	2.124
447	176.930159	0.903848	2.155
448	175.453451	0.903876	2.197
449	178.059815	0.903847	2.124
450	178.059815	0.903847	2.124
451	178.059815	0.903847	2.124
452	174.637168	0.903914	2.221
453	176.788728	0.903866	2.159
454	175.874187	0.903910	2.185
455	178.059815	0.903847	2.124
456	164.451305	0.903807	2.569
457	158.441317	0.903801	2.831
458	176.137218	0.903111	2.175
459	174.637168	0.903914	2.221
460	164.451305	0.903807	2.569
461	178.059815	0.903847	2.124
462	167.665438	0.903849	2.448
463	178.059815	0.903847	2.124
464	177.583483	0.903860	2.137
465	176.137218	0.903111	2.175
466	176.069149	0.904409	2.181
467	176.284655	0.904450	2.175
468	167.665438	0.903849	2.448
469	176.930159	0.903848	2.155
470	175.874187	0.903910	2.185
471	158.441317	0.903801	2.831
472	176.930159	0.903848	2.155
473	167.665438	0.903849	2.448
474	171.090395	0.912964	2.364
475	174.015441	0.901325	2.231
476	158.953956	0.949956	3.069
477	178.420433	0.909465	2.131
478	181.289256	0.911730	2.062
479	146.089581	0.883657	3.419
480	172.834960	0.905489	2.281
481	170.676070	0.936206	2.468
482	173.737002	0.919454	2.301
483	168.773758	0.922146	2.481
484	152.913344	0.881545	2.987
485	169.958075	0.903763	2.368
486	169.684589	0.937473	2.510
487	157.990694	0.972822	3.279
488	170.695792	0.940339	2.484
489	170.202770	0.936842	2.488
490	165.491551	0.891845	2.479
491	172.385804	0.923098	2.358
492	173.647867	0.927118	2.331
493	174.535706	0.943711	2.362
494	164.756772	0.941562	2.731
495	181.924745	0.912479	2.048
496	138.951653	0.875364	3.919
497	167.362652	0.916626	2.511
498	162.469526	0.919976	2.727
499	181.062467	0.914625	2.076
500	177.975115	0.917231	2.167
501	172.442818	0.926599	2.369
502	174.281777	0.909478	2.250
503	170.265925	0.922882	2.430
504	172.652157	0.928770	2.370
505	152.327511	0.892972	3.089
506	158.525736	0.898643	2.800
507	169.511149	0.895078	2.351
508	181.508581	0.914078	2.063
509	175.787520	0.920147	2.240
510	163.056006	0.929347	2.747
511	181.464731	0.914391	2.065
512	172.629246	0.906231	2.290
513	173.375465	0.921281	2.319
514	151.742277	0.892841	3.122
515	172.541429	0.926142	2.364
516	175.105188	0.918449	2.255
517	170.154190	0.907161	2.374
518	159.901425	0.964284	3.105
519	159.846874	0.964573	3.110
520	175.208888	0.924124	2.271
521	170.440638	0.907334	2.365
522	176.095205	0.904327	2.180
523	173.475689	0.921345	2.316
524	147.154759	0.882986	3.341
525	174.591003	0.929491	2.309
526	180.320993	0.913126	2.091
527	156.886396	0.894178	2.855
528	173.768720	0.922591	2.311
529	174.496373	0.927493	2.305
530	163.758086	0.948854	2.814
531	167.281289	0.920418	2.530
532	180.397521	0.914859	2.094
533	175.817892	0.917390	2.230
534	167.986218	0.920844	2.505
535	163.675433	0.902894	2.596
536	158.699005	0.976562	3.260
537	159.291490	0.970701	3.183
538	168.199573	0.892619	2.386
539	170.549536	0.918715	2.404
540	172.196340	0.918091	2.346
541	181.005170	0.915858	2.081
542	176.634210	0.908584	2.178
543	160.568049	0.934584	2.893
544	172.255117	0.903122	2.291
545	159.474337	0.972212	3.182
546	171.116120	0.897364	2.307
547	167.006695	0.907326	2.486
548	171.294835	0.898132	2.304
549	172.795192	0.927904	2.362
550	173.262625	0.902013	2.256
551	169.227291	0.919798	2.455
552	172.779619	0.928034	2.363
553	180.906511	0.914612	2.080
554	175.377226	0.907550	2.211
555	180.044328	0.915432	2.105
556	180.293320	0.913567	2.093
557	169.184411	0.938647	2.534
558	172.208716	0.920398	2.354
559	164.865449	0.946782	2.752
560	170.410867	0.895482	2.323
561	146.039309	0.883330	3.420
562	172.338223	0.899811	2.277
563	169.166474	0.905104	2.400
564	176.342865	0.954646	2.342
565	174.169688	0.916444	2.277
566	175.342124	0.904743	2.203
567	180.234188	0.911991	2.090
568	159.052329	0.896180	2.763
569	173.421382	0.924503	2.329
570	159.892380	0.965612	3.114
571	177.872941	0.923961	2.191
572	179.685485	0.911831	2.104
573	172.106312	0.916998	2.345
574	176.710791	0.907679	2.173
575	157.658343	0.987683	3.411
576	157.846041	0.936330	3.047
577	173.255221	0.921033	2.322
578	176.709940	0.960456	2.351
579	180.949601	0.914653	2.079
580	174.146156	0.919429	2.288
581	151.383264	0.888958	3.118
582	159.531706	0.897340	2.747
583	166.040578	0.894356	2.469
584	170.295594	0.921866	2.425
585	182.726531	0.916131	2.038
586	0.000000	0.867424	6.970
587	174.751748	0.929527	2.304
588	158.611542	0.977472	3.272
589	172.874076	0.918133	2.324
590	139.260352	0.882363	3.962
591	165.259064	0.923063	2.622
592	175.022759	0.925940	2.283
593	162.366696	0.954157	2.911
594	177.473359	0.949646	2.288
595	163.073504	0.932501	2.762
596	179.987428	0.912858	2.099
597	173.900009	0.946511	2.394
598	174.071590	0.928166	2.321
599	165.881171	0.944572	2.696
600	179.343241	0.917512	2.130
601	154.951285	0.892820	2.945
602	175.542940	0.910601	2.216
603	177.473359	0.949646	2.288
604	175.192498	0.931526	2.297
605	142.178354	0.879786	3.682
606	167.684281	0.906287	2.457
607	172.613882	0.906957	2.293
608	174.238063	0.909081	2.250
609	138.566494	0.874219	3.943
610	173.989463	0.930499	2.332
611	157.071535	1.000464	3.556
612	159.201724	0.971079	3.191
613	172.437490	0.923022	2.356
614	170.360558	0.925277	2.436
615	140.160990	0.876847	3.825
616	177.034931	0.919179	2.200
617	152.872706	0.891815	3.051
618	144.715475	0.883034	3.513
619	170.422037	0.919126	2.410
620	175.479173	0.963485	2.404
621	158.158663	0.981560	3.331
622	174.874065	0.926618	2.290
623	158.962581	0.973329	3.221
624	160.290637	0.936195	2.916
625	165.613354	0.922510	2.605
626	180.532259	0.916773	2.096
627	158.611542	0.977472	3.272
628	163.768416	0.949712	2.818
629	171.572343	0.900081	2.302
630	179.823700	0.909993	2.095
631	177.368188	0.953289	2.304
632	153.750632	0.894525	3.019
633	154.525996	0.894658	2.978
634	175.485286	0.923980	2.262
635	140.526419	0.883044	3.853
636	181.028293	0.916068	2.081
637	179.754079	0.915860	2.114
638	176.485207	0.915748	2.205
639	182.906916	0.915941	2.033
640	182.908127	0.915952	2.033
641	182.897777	0.915858	2.033
642	183.219292	0.915834	2.025
643	182.937827	0.915855	2.032
644	178.559842	0.916029	2.147
645	179.481983	0.915754	2.121
646	181.292896	0.916014	2.074
647	180.752181	0.916001	2.088
648	182.791960	0.915995	2.036
649	183.158273	0.916018	2.027
650	182.597852	0.916055	2.041
651	179.904206	0.916205	2.111
652	182.111759	0.915979	2.053
653	183.146821	0.915914	2.027
654	181.907084	0.915913	2.058
655	182.387879	0.915962	2.046
656	182.356748	0.916041	2.047
657	183.518141	0.915953	2.018
658	179.948091	0.915923	2.109
659	179.262439	0.915775	2.127
660	182.080459	0.916054	2.054
661	182.073081	0.915987	2.054
662	181.949792	0.915943	2.057
663	182.269828	0.915974	2.049
664	181.580006	0.915793	2.066
665	182.538999	0.915884	2.042
666	182.251220	0.915805	2.049
667	176.410717	0.916005	2.208
668	183.190965	0.915946	2.026
669	177.704628	0.915741	2.170
670	183.036104	0.916013	2.030
671	183.281133	0.916026	2.024
672	183.123860	0.916074	2.028
673	182.151136	0.915977	2.052
674	183.358029	0.915984	2.022
675	181.094911	0.915622	2.078
676	182.868448	0.915958	2.034
677	182.624373	0.915932	2.040
678	182.988487	0.915948	2.031
679	182.658420	0.915877	2.039
680	183.441142	0.915997	2.020
681	178.929569	0.915753	2.136
682	183.235258	0.915979	2.025
683	183.389270	0.915897	2.021
684	183.432333	0.915917	2.020
685	181.478348	0.915933	2.069
686	175.547164	0.915844	2.233
687	178.578870	0.915873	2.146
688	174.817690	0.915838	2.255
689	182.219545	0.915878	2.050
690	183.100296	0.915860	2.028
691	181.814405	0.915786	2.060
692	182.543733	0.915927	2.042
693	182.926045	0.915748	2.032
694	182.105440	0.915562	2.052
695	181.485512	0.915644	2.068
696	181.254685	0.916019	2.075
697	181.253034	0.916004	2.075
698	182.720034	0.916072	2.038
699	181.293557	0.916020	2.074
700	181.172760	0.915978	2.077
701	181.639696	0.915980	2.065
702	180.158781	0.915787	2.103
703	177.135261	0.915680	2.186
704	180.615830	0.915457	2.090
705	181.602028	0.915993	2.066
706	182.924093	0.916097	2.033
707	181.017282	0.915968	2.081
708	182.923983	0.916096	2.033
709	182.332703	0.916184	2.048
710	182.333034	0.916187	2.048
711	182.883753	0.916097	2.034
712	182.001678	0.916056	2.056
713	182.280399	0.916070	2.049
714	182.567847	0.916146	2.042
715	183.379470	0.915808	2.021
716	179.744720	0.915775	2.114
717	183.302273	0.915848	2.023
718	183.417799	0.915785	2.020
719	182.799447	0.916063	2.036
720	183.336667	0.915790	2.022
721	182.116451	0.915662	2.052
722	181.656152	0.915774	2.064
723	183.067024	0.915926	2.029
724	182.913082	0.915997	2.033
725	183.143738	0.915886	2.027
726	182.951260	0.915977	2.032
727	182.512226	0.916004	2.043
728	182.195396	0.916019	2.051
729	181.893043	0.916143	2.059
730	181.919857	0.916029	2.058
731	180.638072	0.915312	2.089
732	181.114439	0.915097	2.076
733	180.638182	0.915313	2.089
734	182.344416	0.915929	2.047
735	180.814244	0.915869	2.086
736	180.739849	0.915889	2.088
737	180.739408	0.915885	2.088
738	181.062758	0.916031	2.080
739	178.156646	0.915964	2.158
740	170.945860	0.915692	2.379
741	180.831531	0.916026	2.086
742	180.662406	0.915533	2.089
743	180.694043	0.915473	2.088
744	181.429136	0.915132	2.068
745	181.861498	0.915499	2.058
746	181.868105	0.915559	2.058
747	181.199885	0.915873	2.076
748	183.203958	0.916064	2.026
749	181.029835	0.915732	2.080
750	181.020586	0.915998	2.081
751	182.868778	0.915961	2.034
752	181.361943	0.915936	2.072
753	183.203297	0.916058	2.026
754	182.178329	0.915864	2.051
755	182.881991	0.916081	2.034
756	182.098766	0.915861	2.053
757	176.776237	0.916203	2.198
758	183.280803	0.916023	2.024
759	182.045453	0.916095	2.055
760	183.079576	0.916040	2.029
761	180.927470	0.915502	2.082
762	183.280362	0.916019	2.024
763	181.939111	0.915846	2.057
764	183.152327	0.915964	2.027
765	181.427066	0.915821	2.070
766	182.519053	0.916066	2.043
767	181.760528	0.916010	2.062
768	182.551331	0.915996	2.042
769	182.540210	0.915895	2.042
770	182.730927	0.915806	2.037
771	179.069374	0.915692	2.132
772	183.114449	0.915620	2.027
773	183.127112	0.915735	2.027
774	182.819778	0.915882	2.035
775	182.807446	0.915770	2.035
776	182.349481	0.915975	2.047
777	179.468814	0.915971	2.122
778	182.821100	0.915894	2.035
779	181.519031	0.915594	2.067
780	182.423123	0.915920	2.045
781	180.577625	0.916149	2.093
782	181.404010	0.915965	2.071
783	182.787335	0.915953	2.036
784	182.348049	0.915962	2.047
785	175.728128	0.916270	2.229
786	182.105923	0.915926	2.053
787	182.941571	0.915889	2.032
788	182.636265	0.916040	2.040
789	182.253128	0.916183	2.050
790	182.444154	0.916111	2.045
791	181.196692	0.915844	2.076
792	178.151894	0.916246	2.159
793	182.442833	0.916099	2.045
794	182.442833	0.916099	2.045
795	183.132507	0.915784	2.027
796	183.017495	0.915844	2.030
797	183.008576	0.915763	2.030
798	182.893593	0.915820	2.033
799	182.322174	0.915727	2.047
800	183.086202	0.915732	2.028
801	182.232611	0.915636	2.049
802	180.688063	0.916113	2.090
803	182.855455	0.915840	2.034
804	182.932872	0.915810	2.032
805	182.940910	0.915883	2.032
806	181.281665	0.915912	2.074
807	182.901190	0.915889	2.033
808	182.902292	0.915899	2.033
809	182.902071	0.915897	2.033
810	182.327418	0.916136	2.048
811	182.900420	0.915882	2.033
812	182.785023	0.915932	2.036
813	183.130966	0.915770	2.027
814	182.729276	0.915791	2.037
815	182.747774	0.915959	2.037
816	182.609288	0.915795	2.040
817	181.602198	0.915284	2.064
818	181.343272	0.915060	2.070
819	182.555515	0.916034	2.042
820	175.663603	0.915684	2.229
821	182.861290	0.915893	2.034
822	181.986875	0.915563	2.055
823	183.016614	0.915836	2.030
824	182.649391	0.915795	2.039
825	182.152233	0.915627	2.051
826	175.545953	0.915833	2.233
827	182.822862	0.915910	2.035
828	182.327088	0.916133	2.048
829	183.131406	0.915774	2.027
830	175.545953	0.915833	2.233
831	181.303700	0.915054	2.071
832	180.693347	0.915814	2.089
833	183.116761	0.915641	2.027
834	175.047708	0.915835	2.248
835	182.389200	0.915974	2.046
836	183.480924	0.915615	2.018
837	181.416033	0.915013	2.068
838	176.973781	0.915795	2.191
839	178.934304	0.915796	2.136
840	183.489072	0.915689	2.018
841	182.883683	0.915730	2.033
842	181.467830	0.915129	2.067
843	183.023771	0.915901	2.030
844	183.064051	0.915899	2.029
845	179.336656	0.916114	2.126
846	173.789101	0.915607	2.286
847	180.043320	0.916106	2.107
848	182.353194	0.915647	2.046
849	183.140105	0.915853	2.027
850	181.959395	0.915672	2.056
851	173.876012	0.915816	2.284
852	183.332373	0.915751	2.022
853	183.412183	0.915734	2.020
854	183.380241	0.915815	2.021
855	182.878798	0.916052	2.034
856	180.761171	0.915387	2.086
857	182.870099	0.915973	2.034
858	181.833344	0.915958	2.060
859	180.834061	0.915352	2.084
860	182.023541	0.915896	2.055
861	182.863493	0.915913	2.034
862	182.863933	0.915917	2.034
863	183.326647	0.915699	2.022
864	183.337658	0.915799	2.022
865	183.455177	0.915753	2.019
866	183.443726	0.915649	2.019
867	181.423410	0.915080	2.068
868	182.077706	0.916029	2.054
869	181.723363	0.915316	2.061
870	183.440863	0.915623	2.019
871	182.222921	0.915548	2.049
872	183.246448	0.915711	2.024
873	176.990267	0.915629	2.190
874	182.745021	0.915934	2.037
875	183.253275	0.915773	2.024
876	183.258010	0.915816	2.024
877	183.261754	0.915850	2.024
878	183.341512	0.915834	2.022
879	183.158383	0.916019	2.027
880	183.287298	0.915712	2.023
881	179.363670	0.916024	2.125
882	182.036305	0.915653	2.054
883	182.409029	0.915792	2.045
884	182.657429	0.915868	2.039
885	183.325216	0.915686	2.022
886	182.610939	0.915810	2.040
887	183.005163	0.915732	2.030
888	183.049957	0.915771	2.029
889	174.745613	0.916076	2.258
890	182.828147	0.915958	2.035
891	182.531291	0.915814	2.042
892	182.412112	0.915820	2.045
893	182.944213	0.915913	2.032
894	182.770708	0.915802	2.036
895	174.975128	0.916074	2.251
896	182.764652	0.915747	2.036
897	183.010008	0.915776	2.030
898	182.813502	0.915825	2.035
899	182.852041	0.915809	2.034
900	177.475289	0.915903	2.177
901	182.279188	0.916059	2.049
902	182.179981	0.915879	2.051
903	182.629108	0.915975	2.040
904	177.085328	0.915860	2.188
905	179.053283	0.915879	2.133
906	183.150675	0.915949	2.027
907	182.744361	0.915928	2.037
908	182.649038	0.916156	2.040
909	178.216461	0.915856	2.156
910	181.938561	0.915841	2.057
911	182.802090	0.916087	2.036
912	182.802640	0.916092	2.036
913	183.244067	0.916059	2.025
914	182.168313	0.916133	2.052
915	183.440041	0.915987	2.020
916	178.629092	0.916000	2.145
917	183.188652	0.915925	2.026
918	181.755242	0.915962	2.062
919	181.512159	0.915886	2.068
920	183.188542	0.915924	2.026
921	182.839158	0.916058	2.035
922	183.437949	0.915968	2.020
923	181.595752	0.915936	2.066
924	183.035113	0.916004	2.030
925	182.873953	0.916008	2.034
926	183.103930	0.915893	2.028
927	181.973710	0.915802	2.056
928	183.104811	0.915901	2.028
929	175.860024	0.916246	2.225
930	183.133168	0.915790	2.027
931	183.124579	0.915712	2.027
932	178.443489	0.915629	2.149
933	182.815484	0.915843	2.035
934	178.843301	0.915633	2.138
935	183.355246	0.915588	2.021
936	182.381721	0.915544	2.045
937	181.800110	0.915299	2.059
938	176.040390	0.916043	2.219
939	183.395777	0.915585	2.020
940	182.468976	0.915974	2.044
941	183.372533	0.915745	2.021
942	183.373084	0.915750	2.021
943	183.371983	0.915740	2.021
944	173.858504	0.915657	2.284
945	182.025624	0.915556	2.054
946	180.998013	0.915793	2.081
947	183.374295	0.915761	2.021
948	182.011870	0.915790	2.055
949	183.375506	0.915772	2.021
950	179.302522	0.915804	2.126
951	183.375947	0.915776	2.021
952	183.103709	0.915891	2.028
953	183.373524	0.915754	2.021
954	183.374075	0.915759	2.021
955	171.325733	0.915643	2.366
956	183.357118	0.915605	2.021
957	183.365486	0.915681	2.021
958	175.153443	0.915594	2.244
959	181.766177	0.915348	2.060
960	183.082788	0.915701	2.028
961	179.693316	0.915647	2.115
962	183.356347	0.915598	2.021
963	183.354695	0.915583	2.021
964	182.403854	0.915745	2.045
965	182.679624	0.915705	2.038
966	181.500726	0.915073	2.066
967	181.756707	0.915262	2.060
968	182.791480	0.915625	2.035
969	183.057004	0.915835	2.029
970	179.560289	0.915791	2.119
971	182.872231	0.915626	2.033
972	182.048417	0.915763	2.054
973	177.241808	0.916013	2.184
974	179.619259	0.915989	2.118
975	183.195618	0.915619	2.025
976	183.606417	0.915637	2.015
977	183.023441	0.915898	2.030
978	183.005273	0.915733	2.030
979	181.973710	0.915802	2.056
980	183.365927	0.915685	2.021
981	182.190586	0.915615	2.050
982	181.816277	0.915803	2.060
983	179.186114	0.916085	2.130
984	178.320636	0.915823	2.153
985	182.521711	0.915727	2.042
986	183.145280	0.915900	2.027
987	180.692576	0.915807	2.089
988	183.325767	0.915691	2.022
989	177.643093	0.915825	2.172
990	183.085541	0.915726	2.028
991	179.555638	0.916086	2.120
992	180.793543	0.915681	2.086
993	183.562049	0.915607	2.016
994	181.634327	0.915220	2.063
995	179.806618	0.915998	2.113
996	183.318719	0.915627	2.022
997	181.335124	0.914986	2.070
998	182.942672	0.915899	2.032
999	181.480447	0.915598	2.068
1000	181.719950	0.915285	2.061
1001	183.485769	0.915659	2.018
1002	182.328780	0.915787	2.047
1003	183.335126	0.915776	2.022
1004	180.897815	0.915931	2.084
1005	183.345586	0.915871	2.022
1006	183.336007	0.915784	2.022
1007	182.703848	0.915925	2.038
1008	181.164065	0.915196	2.075
1009	183.118083	0.915653	2.027
1010	176.970759	0.916083	2.192
1011	183.102608	0.915881	2.028
1012	183.339640	0.915817	2.022
1013	181.127653	0.915217	2.076
1014	179.260600	0.916093	2.128
1015	181.254398	0.915312	2.073
1016	183.343715	0.915854	2.022
1017	179.935649	0.915810	2.109
1018	183.342944	0.915847	2.022
1019	183.332483	0.915752	2.022
1020	183.328740	0.915718	2.022
1021	177.592809	0.916010	2.174
1022	182.685900	0.915762	2.038
1023	183.341733	0.915836	2.022
1024	178.641030	0.915779	2.144
1025	179.707574	0.916115	2.116
1026	183.505038	0.915834	2.018
1027	183.254156	0.915781	2.024
1028	176.050961	0.916139	2.219
1029	181.531804	0.915710	2.067
1030	181.581327	0.915805	2.066
1031	183.546571	0.915839	2.017
1032	176.762662	0.915766	2.197
1033	183.548774	0.915859	2.017
1034	176.113092	0.915779	2.216
1035	183.509443	0.915874	2.018
1036	183.548994	0.915861	2.017
1037	181.576839	0.916119	2.067
1038	183.081558	0.916058	2.029
1039	183.043701	0.916082	2.030
1040	183.082880	0.916070	2.029
1041	182.094472	0.915822	2.053
1042	181.485725	0.916000	2.069
1043	183.083981	0.916080	2.029
1044	182.826165	0.915940	2.035
1045	183.080457	0.916048	2.029
1046	180.269525	0.916107	2.101
1047	181.154041	0.915808	2.077
1048	182.993332	0.915992	2.031
1049	183.081338	0.916056	2.029
1050	182.761208	0.916081	2.037
1051	177.329545	0.916174	2.182
1052	182.934744	0.915827	2.032
1053	183.080898	0.916052	2.029
1054	183.080237	0.916046	2.029
1055	183.083210	0.916073	2.029
1056	181.810020	0.916103	2.061
1057	183.161796	0.916050	2.027
1058	183.279041	0.916007	2.024
1059	178.923966	0.916034	2.137
1060	178.839638	0.915931	2.139
1061	180.765687	0.915776	2.087
1062	183.278160	0.915999	2.024
1063	183.356047	0.915966	2.022
1064	183.356818	0.915973	2.022
1065	182.716401	0.916039	2.038
1066	182.254633	0.915836	2.049
1067	178.936176	0.915813	2.136
1068	182.948618	0.915953	2.032
1069	183.239552	0.916018	2.025
1070	181.969392	0.916121	2.057
1071	182.344966	0.915934	2.047
1072	183.083761	0.916078	2.029
1073	176.910967	0.916170	2.194
1074	177.848682	0.915760	2.166
1075	182.181302	0.915891	2.051
1076	183.445987	0.916041	2.020
1077	181.152279	0.915792	2.077
1078	181.323547	0.915940	2.073
1079	178.468607	0.916185	2.150
1080	181.279133	0.915889	2.074
1081	183.409861	0.916084	2.021
1082	182.068347	0.915944	2.054
1083	183.118574	0.916026	2.028
1084	180.147397	0.916026	2.104
1085	178.217037	0.916187	2.157
1086	183.488651	0.916057	2.019
1087	178.411505	0.915994	2.151
1088	182.956766	0.916027	2.032
1089	182.051620	0.916151	2.055
1090	183.285978	0.916070	2.024
1091	182.348380	0.915965	2.047
1092	176.796797	0.915762	2.196
1093	182.042150	0.916065	2.055
1094	183.411182	0.916096	2.021
1095	183.450612	0.916083	2.020
1096	182.647826	0.916145	2.040
1097	183.045463	0.916098	2.030
1098	182.026184	0.915920	2.055
1099	183.000599	0.916058	2.031
1100	181.410177	0.916021	2.071
1101	181.479999	0.915948	2.069
1102	182.959959	0.916056	2.032
1103	180.013581	0.916177	2.108
1104	182.757464	0.916047	2.037
1105	176.209853	0.915731	2.213
1106	181.217613	0.916034	2.076
1107	182.555625	0.916035	2.042
1108	181.249841	0.915975	2.075
1109	181.903120	0.915877	2.058
1110	183.000489	0.916057	2.031
1111	182.290089	0.916158	2.049
1112	177.967097	0.916189	2.164
1113	176.279029	0.915740	2.211
1114	182.567517	0.916143	2.042
