Output Values per Iteration 
Iter.#	Fitness		k_EOC		NPF_max
1	147.228516	1.008404	2.545
2	149.838097	1.012783	2.434
3	149.838097	1.012783	2.434
4	149.838097	1.012783	2.434
5	147.228516	1.008404	2.545
6	147.228516	1.008404	2.545
7	147.492881	1.007636	2.527
8	150.090045	1.011988	2.418
9	148.763291	1.015052	2.499
10	146.155294	1.010662	2.616
11	148.763291	1.015052	2.499
12	150.090045	1.011988	2.418
13	147.492881	1.007636	2.527
14	147.228516	1.008404	2.545
15	147.492881	1.007636	2.527
16	146.297200	1.010656	2.608
17	148.763390	1.015053	2.499
18	158.776002	1.016108	2.076
19	150.090045	1.011988	2.418
20	158.776002	1.016108	2.076
21	149.585682	1.015166	2.458
22	150.090045	1.011988	2.418
23	149.585682	1.015166	2.458
24	150.090045	1.011988	2.418
25	158.723475	1.014430	2.072
26	150.312710	0.960691	2.188
27	141.064731	0.930213	2.465
28	137.405510	0.949746	2.780
29	146.780872	0.949261	2.287
30	132.282604	0.928800	2.989
31	140.460491	0.928110	2.485
32	117.661774	0.877427	3.907
33	152.791451	0.969126	2.125
34	153.140222	0.971020	2.119
35	155.511034	1.003435	2.150
36	160.022256	1.019746	2.045
37	161.810941	1.026778	2.008
38	159.593991	1.014815	2.043
39	136.982376	0.948150	2.797
40	136.285881	0.945455	2.825
41	153.214084	0.981215	2.154
42	139.177944	0.932992	2.578
43	108.775860	0.848289	4.843
44	156.749784	0.998696	2.087
45	140.011582	0.959114	2.677
46	157.994541	1.011314	2.087
47	147.518724	0.962565	2.312
48	118.598937	0.880588	3.830
49	144.727286	0.973942	2.498
50	156.749784	0.998696	2.087
51	161.262882	1.029362	2.035
52	0.000000	0.870616	5.047
53	161.683618	1.027315	2.014
54	161.322538	1.029073	2.032
55	161.477682	1.025531	2.015
56	160.115493	1.017731	2.035
57	161.560917	1.027888	2.020
58	161.619717	1.027577	2.017
59	141.811149	0.943194	2.492
60	154.217671	1.032309	2.320
61	160.063864	1.017802	2.037
62	159.610265	1.018501	2.055
63	159.236579	1.014129	2.053
64	158.554198	1.019802	2.097
65	159.692541	1.015814	2.043
66	159.459323	1.014922	2.048
67	159.053207	1.013437	2.057
68	160.153046	1.018409	2.036
69	155.891816	0.994211	2.102
70	159.049244	1.012230	2.053
71	160.772948	1.027061	2.044
72	160.984439	1.028319	2.041
73	158.564081	1.033850	2.148
74	146.759980	0.973124	2.394
75	108.429805	0.839637	4.747
76	156.580766	1.003140	2.109
77	160.794680	1.027576	2.045
78	161.672685	1.031127	2.027
79	162.538794	1.035680	2.013
80	161.530921	1.030289	2.029
81	162.793093	1.036734	2.008
82	140.617805	0.945727	2.568
83	145.413492	0.963103	2.411
84	162.479224	1.035380	2.014
85	133.149755	0.946626	3.056
86	162.639872	1.036096	2.011
87	162.180928	1.034173	2.020
88	161.803474	1.031552	2.024
89	162.600268	1.035999	2.012
90	161.704141	1.032344	2.030
91	141.469255	0.949070	2.540
92	161.164910	1.030444	2.042
93	162.047123	1.033721	2.023
94	161.753107	1.031342	2.025
95	143.528186	0.956600	2.472
96	156.083569	0.999757	2.115
97	138.552868	0.962331	2.786
98	121.469490	0.910357	3.838
99	111.004831	0.874457	4.912
100	163.556790	1.046910	2.016
101	155.769618	1.022619	2.214
102	142.220272	0.951862	2.515
103	129.614563	0.945507	3.344
104	150.727914	1.007477	2.367
105	163.391713	1.047351	2.023
106	159.678913	1.024402	2.073
107	145.613425	0.963855	2.405
108	156.876823	1.003917	2.101
109	163.218531	1.041352	2.009
110	163.358418	1.041853	2.006
111	153.751003	0.991136	2.171
112	162.964257	1.035707	1.999
113	137.060700	0.950513	2.807
114	157.643944	1.049302	2.245
115	162.866841	1.040219	2.017
116	148.373503	0.972609	2.318
117	156.264019	1.049829	2.306
118	153.109911	0.989046	2.188
119	158.326763	1.013832	2.084
120	160.144691	1.024210	2.056
121	131.401532	0.932305	3.082
122	152.879792	0.988253	2.194
123	163.467314	1.047213	2.020
124	163.835451	1.043612	1.996
125	163.316889	1.041738	2.007
126	163.972551	1.045928	1.999
127	152.548728	1.005126	2.276
128	164.208348	1.046773	1.994
129	147.108838	0.989446	2.455
130	147.400967	0.990355	2.445
131	164.359871	1.048928	1.996
132	165.245284	1.057594	1.995
133	163.827954	1.052074	2.024
134	163.920982	1.052415	2.022
135	163.549179	1.051047	2.030
136	125.638617	0.930255	3.588
137	163.594072	1.051203	2.029
138	163.460447	1.059565	2.062
139	153.532055	1.014856	2.275
140	148.498086	0.982887	2.358
141	155.375428	1.005504	2.163
142	162.993134	1.059713	2.079
143	165.184776	1.057290	1.996
144	0.000000	0.874912	5.079
145	133.694903	0.952942	3.062
146	164.763665	1.055485	2.004
147	0.000000	0.871383	5.202
148	164.146398	1.051672	2.012
149	143.279977	0.964544	2.525
150	159.941137	1.028490	2.078
151	162.080785	1.059999	2.113
152	164.099400	1.053016	2.018
153	152.515271	1.010900	2.302
154	163.253931	1.046856	2.026
155	157.225764	1.012983	2.121
156	143.551576	0.965552	2.516
157	164.285690	1.053692	2.014
158	149.911806	0.987284	2.314
159	163.467962	1.050821	2.032
160	145.704591	0.972540	2.442
161	111.571489	0.860486	4.554
162	164.202153	1.053452	2.016
163	164.248366	1.059328	2.034
164	144.689554	1.004115	2.663
165	136.489349	0.979023	3.045
166	160.946124	1.040951	2.086
167	164.332139	1.053859	2.013
168	162.962191	1.036302	2.001
169	158.346002	1.020202	2.106
170	165.500437	1.058629	1.990
171	160.519132	1.060527	2.174
172	165.436915	1.058296	1.991
173	165.638523	1.059406	1.988
174	142.194929	0.960403	2.561
175	152.583363	0.996287	2.238
176	164.479286	1.054742	2.011
177	160.962306	1.041398	2.087
178	164.183315	1.051437	2.010
179	165.137227	1.056808	1.996
180	163.797785	1.052369	2.026
181	157.962358	1.016868	2.108
182	148.387725	0.982653	2.362
183	163.026148	1.045446	2.029
184	160.228525	1.061721	2.190
185	147.034277	0.978045	2.404
186	116.705749	0.905336	4.436
187	165.594472	1.059271	1.989
188	155.949184	1.007343	2.148
189	157.086160	1.012115	2.123
190	165.209573	1.057232	1.995
191	164.672034	1.055475	2.007
192	160.607989	1.032095	2.067
193	154.426682	1.002394	2.188
194	165.124008	1.056674	1.996
195	165.274878	1.057894	1.995
196	145.540307	0.972932	2.452
197	157.693950	1.015530	2.113
198	152.044175	0.994486	2.253
199	163.151536	1.046118	2.027
200	164.528587	1.054937	2.010
201	165.029369	1.056949	2.000
202	124.023678	0.930199	3.767
203	163.664519	1.048910	2.019
204	161.200595	1.061376	2.151
205	157.086160	1.012115	2.123
206	151.372006	1.013566	2.365
207	152.546188	0.996156	2.239
208	165.586580	1.059191	1.989
209	165.639214	1.059413	1.988
210	151.740637	1.061264	2.583
211	165.533583	1.058965	1.990
212	160.989423	1.060033	2.154
213	153.108524	1.061064	2.509
214	159.454741	1.060226	2.215
215	165.485944	1.058793	1.991
216	160.527692	1.060092	2.172
217	152.994550	1.061080	2.515
218	165.480025	1.058733	1.991
219	156.104555	1.060657	2.361
220	162.504412	1.059845	2.097
221	154.419367	1.060881	2.442
222	165.527763	1.058906	1.990
223	165.495315	1.058888	1.991
224	152.065962	1.061215	2.565
225	156.913469	1.060550	2.324
226	158.188327	1.060385	2.268
227	158.993847	1.060284	2.234
228	152.768251	1.061112	2.527
229	165.481800	1.058751	1.991
230	165.591118	1.059237	1.989
231	163.391203	1.059731	2.065
232	154.219077	1.060908	2.452
233	158.945783	1.060290	2.236
234	165.490679	1.058841	1.991
235	151.260941	1.061335	2.610
236	161.249410	1.060001	2.144
237	165.605718	1.059385	1.989
238	165.399733	1.059469	1.996
239	165.596741	1.059294	1.989
240	152.618657	1.061134	2.535
241	154.927193	1.060811	2.417
242	162.723678	1.059818	2.089
243	163.560423	1.059708	2.059
244	163.730745	1.059686	2.053
245	165.588849	1.059214	1.989
246	165.483576	1.058769	1.991
247	157.158994	1.060518	2.313
248	152.029543	1.061220	2.567
249	157.249024	1.060508	2.309
250	157.588924	1.060465	2.294
251	165.532399	1.058953	1.990
252	165.537628	1.059006	1.990
253	155.320338	1.060758	2.398
254	152.395954	1.061166	2.547
255	165.603449	1.059362	1.989
256	156.429514	1.060615	2.346
257	151.490759	1.061302	2.597
258	164.305968	1.059614	2.033
259	163.391203	1.059731	2.065
260	165.582634	1.059151	1.989
261	165.589441	1.059220	1.989
262	165.480025	1.058733	1.991
263	157.002540	1.060539	2.320
264	151.015678	1.061367	2.624
265	151.490759	1.061302	2.597
266	165.488903	1.058823	1.991
267	154.419367	1.060881	2.442
268	154.681957	1.060843	2.429
269	165.479433	1.058727	1.991
270	165.495315	1.058888	1.991
271	165.604633	1.059374	1.989
272	153.902015	1.060951	2.468
273	153.941358	1.060945	2.466
274	157.158994	1.060518	2.313
275	165.530722	1.058936	1.990
276	161.223577	1.060007	2.145
277	156.714311	1.060576	2.333
278	154.804267	1.060827	2.423
279	156.168956	1.060646	2.358
280	165.598418	1.059311	1.989
281	156.212212	1.060641	2.356
282	164.422233	1.059598	2.029
283	165.538811	1.059018	1.990
284	165.603449	1.059362	1.989
285	161.591045	1.059959	2.131
286	162.833703	1.059802	2.085
287	160.476811	1.060098	2.174
288	162.124916	1.059894	2.111
289	151.633182	1.061280	2.589
290	162.449785	1.059851	2.099
291	165.591710	1.059243	1.989
292	165.493638	1.058871	1.991
293	162.586351	1.059834	2.094
294	153.784077	1.060966	2.474
295	159.774402	1.060183	2.202
296	165.429758	1.059464	1.995
297	164.626818	1.059570	2.022
298	165.495315	1.058888	1.991
299	165.606310	1.059391	1.989
300	165.604041	1.059368	1.989
301	161.093400	1.060023	2.150
302	162.586351	1.059834	2.094
303	163.475639	1.059719	2.062
304	154.845207	1.060822	2.421
305	155.403927	1.060747	2.394
306	165.543349	1.059064	1.990
307	164.160992	1.059631	2.038
308	151.812522	1.061253	2.579
309	151.848501	1.061247	2.577
310	160.834877	1.060055	2.160
311	157.294059	1.060502	2.307
312	161.697204	1.059948	2.127
313	161.171295	1.060012	2.147
314	165.487719	1.058811	1.991
315	162.070920	1.059899	2.113
316	164.538864	1.059581	2.025
317	165.590526	1.059231	1.989
318	164.363747	1.059603	2.031
319	165.543941	1.059070	1.990
320	153.108524	1.061064	2.509
321	165.040324	1.059514	2.008
322	160.834877	1.060055	2.160
323	154.968240	1.060805	2.415
324	165.595064	1.059277	1.989
325	160.224021	1.060130	2.184
326	155.698877	1.060710	2.380
327	164.045765	1.059647	2.042
328	165.601279	1.059340	1.989
329	165.494822	1.058883	1.991
330	163.195050	1.059758	2.072
331	150.980898	1.061372	2.626
332	151.668977	1.061275	2.587
333	155.050739	1.060795	2.411
334	163.873583	1.059669	2.048
335	153.299679	1.061037	2.499
336	154.179178	1.060913	2.454
337	165.546210	1.059093	1.990
338	165.544533	1.059076	1.990
339	161.433004	1.059980	2.137
340	165.480025	1.058733	1.991
341	158.993847	1.060284	2.234
342	165.219533	1.059492	2.002
343	162.260011	1.059878	2.106
344	154.580761	1.060859	2.434
345	152.544218	1.061145	2.539
346	159.749844	1.060188	2.203
347	154.600789	1.060854	2.433
348	154.641388	1.060849	2.431
349	162.889074	1.059796	2.083
350	151.561859	1.061291	2.593
351	152.618657	1.061134	2.535
352	165.189721	1.059497	2.003
353	165.595656	1.059283	1.989
354	165.545125	1.059082	1.990
355	162.044307	1.059905	2.114
356	152.359110	1.061172	2.549
357	154.681957	1.060843	2.429
358	158.002652	1.060412	2.276
359	165.596741	1.059294	1.989
360	164.132241	1.059636	2.039
361	152.581358	1.061139	2.537
362	152.618657	1.061134	2.535
363	153.184780	1.061053	2.505
364	162.151705	1.059889	2.110
365	160.655210	1.060076	2.167
366	153.184780	1.061053	2.505
367	157.406895	1.060486	2.302
368	152.469919	1.061155	2.543
369	152.655916	1.061128	2.533
